1,1,123.45,327.55,134.35000000000002,67.34999999999997,1,1,1.0
1,2,732.18,266.05,75.36000000000001,40.55000000000001,1,1,1.0
1,3,202.32,246.51,102.17000000000002,47.03000000000003,1,1,0.0
2,1,98.31,333.23,138.12,65.99000000000001,1,1,1.0
2,2,718.8,267.74,76.09000000000003,40.81999999999999,1,1,1.0
2,3,202.32,246.51,102.17000000000002,47.03000000000003,1,1,0.0
3,1,73.18,338.9,141.89,64.65000000000003,1,1,1.0
3,2,705.41,269.43,76.83000000000004,41.089999999999975,1,1,1.0
3,3,202.32,246.51,102.17000000000002,47.03000000000003,1,1,0.0
4,1,48.04,344.58,145.66,63.29000000000002,1,1,1.0
4,2,692.03,271.12,77.57000000000005,41.360000000000014,1,1,1.0
4,3,202.32,246.51,102.17000000000002,47.03000000000003,1,1,0.0
5,1,19.1,349.11,154.3,65.52999999999997,1,1,1.0
5,2,678.65,272.81,78.30000000000007,41.629999999999995,1,1,1.0
5,3,202.32,246.51,102.17000000000002,47.03000000000003,1,1,0.0
6,1,0.0,353.64,149.9,67.75999999999999,1,1,1.0
6,2,665.26,274.5,79.03999999999996,41.89999999999998,1,1,1.0
6,3,202.32,246.51,102.17000000000002,47.03000000000003,1,1,0.0
7,1,0.0,358.17,123.1,70.0,1,1,1.0
7,2,650.33,276.18,80.44999999999993,42.71999999999997,1,1,1.0
7,3,202.32,246.51,102.17000000000002,47.03000000000003,1,1,0.0
8,2,635.39,277.86,81.87,43.539999999999964,1,1,1.0
8,3,202.32,246.51,102.17000000000002,47.03000000000003,1,1,0.0
9,2,620.45,279.54,83.28999999999996,44.35999999999996,1,1,1.0
9,3,202.32,246.51,102.17000000000002,47.03000000000003,1,1,0.0
10,2,605.52,281.22,84.70000000000005,45.17999999999995,1,1,1.0
10,3,202.32,246.51,102.17000000000002,47.03000000000003,1,1,0.0
11,2,590.58,282.9,86.12,46.0,1,1,1.0
11,3,202.32,246.51,102.17000000000002,47.03000000000003,1,1,0.0
12,2,574.63,285.34,87.47000000000003,46.400000000000034,1,1,1.0
12,3,202.32,246.51,102.17000000000002,47.03000000000003,1,1,0.0
13,2,558.68,287.78,88.82000000000005,46.80000000000001,1,1,1.0
13,3,202.32,246.51,102.17000000000002,47.03000000000003,1,1,0.0
14,2,542.72,290.22,90.17999999999995,47.19999999999999,1,1,1.0
14,3,202.32,246.51,102.17000000000002,47.03000000000003,1,1,0.0
15,2,526.77,292.66,91.52999999999997,47.599999999999966,1,1,1.0
15,3,202.32,246.51,102.17000000000002,47.03000000000003,1,1,0.0
16,2,510.82,295.1,92.88000000000005,48.0,1,1,1.0
16,3,202.32,246.51,102.17000000000002,47.03000000000003,1,1,0.0
17,2,493.32,297.34,94.63000000000005,49.08000000000004,1,1,1.0
17,3,202.32,246.51,102.17000000000002,47.03000000000003,1,1,0.0
18,2,475.81,299.58,96.39000000000004,50.160000000000025,1,1,1.0
18,3,202.32,246.51,102.17000000000002,47.03000000000003,1,1,0.0
19,2,458.31,301.82,98.15000000000003,51.24000000000001,1,1,1.0
19,3,202.32,246.51,102.17000000000002,47.03000000000003,1,1,0.0
20,2,440.8,304.06,99.91000000000003,52.31999999999999,1,1,1.0
20,3,202.32,246.51,102.17000000000002,47.03000000000003,1,1,1.0
21,2,423.3,306.3,101.66000000000003,53.39999999999998,1,1,1.0
21,3,202.32,246.51,102.17000000000002,47.03000000000003,1,1,1.0
22,2,404.24,309.48,103.75,54.549999999999955,1,1,1.0
22,3,202.32,246.51,102.17000000000002,47.03000000000003,1,1,1.0
23,2,385.18,312.66,105.83999999999997,55.69,1,1,1.0
23,3,202.32,246.51,102.17000000000002,47.03000000000003,1,1,1.0
24,2,366.12,315.84,107.92000000000002,56.84000000000003,1,1,1.0
24,3,202.32,246.51,102.17000000000002,47.03000000000003,1,1,1.0
25,2,347.06,319.02,110.00999999999999,57.98000000000002,1,1,1.0
25,3,202.32,246.51,102.17000000000002,47.03000000000003,1,1,1.0
26,2,328.0,322.2,112.10000000000002,59.129999999999995,1,1,1.0
26,3,202.32,246.51,102.17000000000002,47.03000000000003,1,1,1.0
27,2,307.18,325.24,114.0,60.69,1,1,1.0
27,3,202.32,246.51,102.17000000000002,47.03000000000003,1,1,1.0
28,2,286.36,328.28,115.89999999999998,62.24000000000001,1,1,1.0
28,3,202.32,246.51,102.17000000000002,47.03000000000003,1,1,1.0
29,2,265.55,331.32,117.78999999999996,63.80000000000001,1,1,1.0
29,3,202.32,246.51,102.17000000000002,47.03000000000003,1,1,1.0
30,2,244.73,334.36,119.69000000000003,65.34999999999997,1,1,1.0
30,3,202.32,246.51,102.17000000000002,47.03000000000003,1,1,1.0
31,2,223.91,337.4,121.59,66.91000000000003,1,1,1.0
31,3,202.32,246.51,102.17000000000002,47.03000000000003,1,1,1.0
32,2,199.04,341.46,126.03999999999999,68.39000000000004,1,1,1.0
32,3,202.32,246.51,102.17000000000002,47.03000000000003,1,1,1.0
33,2,174.16,345.52,130.50000000000003,69.87,1,1,1.0
33,3,202.32,246.51,102.17000000000002,47.03000000000003,1,1,1.0
34,2,149.29,349.58,134.95000000000002,71.36000000000001,1,1,1.0
34,3,202.32,246.51,102.17000000000002,47.03000000000003,1,1,1.0
35,2,124.42,353.64,139.39999999999998,72.84000000000003,1,1,1.0
35,3,202.32,246.51,102.17000000000002,47.03000000000003,1,1,1.0
36,2,99.55,357.7,143.85000000000002,74.32,1,1,1.0
36,3,202.32,246.51,102.17000000000002,47.03000000000003,1,1,1.0
37,2,79.64,361.69,140.18,76.29000000000002,1,1,1.0
37,3,202.32,246.51,102.17000000000002,47.03000000000003,1,1,1.0
38,2,59.73,365.67,136.51000000000002,78.25999999999999,1,1,1.0
38,3,202.32,246.51,102.17000000000002,47.03000000000003,1,1,1.0
39,2,39.82,369.66,132.84,80.22999999999996,1,1,1.0
39,3,202.32,246.51,102.17000000000002,47.03000000000003,1,1,1.0
40,2,19.91,373.65,129.17000000000002,82.19,1,1,1.0
40,3,202.32,246.51,102.17000000000002,47.03000000000003,1,1,1.0
41,2,0.0,377.64,125.5,84.16000000000003,1,1,1.0
41,3,202.32,246.51,102.17000000000002,47.03000000000003,1,1,1.0
42,2,0.0,377.64,125.5,84.16000000000003,1,1,1.0
42,3,202.32,246.51,102.17000000000002,47.03000000000003,1,1,1.0
43,2,0.0,377.64,125.5,84.16000000000003,1,1,1.0
43,3,202.32,246.51,102.17000000000002,47.03000000000003,1,1,1.0
44,2,0.0,377.64,125.5,84.16000000000003,1,1,1.0
44,3,202.32,246.51,102.17000000000002,47.03000000000003,1,1,1.0
45,3,202.32,246.51,102.17000000000002,47.03000000000003,1,1,1.0
46,3,202.32,246.51,102.17000000000002,47.03000000000003,1,1,1.0
47,3,202.32,246.51,102.17000000000002,47.03000000000003,1,1,1.0
48,3,202.32,246.51,102.17000000000002,47.03000000000003,1,1,1.0
49,3,202.32,246.51,102.17000000000002,47.03000000000003,1,1,1.0
50,3,202.32,246.51,102.17000000000002,47.03000000000003,1,1,1.0
51,3,202.32,246.51,102.17000000000002,47.03000000000003,1,1,1.0
52,3,202.32,246.51,102.17000000000002,47.03000000000003,1,1,1.0
53,3,202.32,246.51,102.17000000000002,47.03000000000003,1,1,1.0
54,3,202.32,246.51,102.17000000000002,47.03000000000003,1,1,1.0
55,3,202.32,246.51,102.17000000000002,47.03000000000003,1,1,1.0
56,3,202.32,246.51,102.17000000000002,47.03000000000003,1,1,1.0
57,3,202.32,246.51,102.17000000000002,47.03000000000003,1,1,1.0
58,3,202.32,246.51,102.17000000000002,47.03000000000003,1,1,1.0
59,3,202.32,246.51,102.17000000000002,47.03000000000003,1,1,1.0
60,3,202.32,246.51,102.17000000000002,47.03000000000003,1,1,1.0
61,3,202.32,246.51,102.17000000000002,47.03000000000003,1,1,1.0
62,3,202.32,246.51,102.17000000000002,47.03000000000003,1,1,1.0
63,3,202.32,246.51,102.17000000000002,47.03000000000003,1,1,1.0
64,4,883.2,227.1,76.79999999999995,75.79999999999998,1,1,1.0
64,3,202.32,246.51,102.17000000000002,47.03000000000003,1,1,1.0
65,4,876.88,227.42,83.12,76.95000000000002,1,1,1.0
65,3,202.32,246.51,102.17000000000002,47.03000000000003,1,1,1.0
66,4,870.56,227.74,89.44000000000005,78.08999999999997,1,1,1.0
66,3,202.32,246.51,102.17000000000002,47.03000000000003,1,1,1.0
67,4,864.24,228.05,95.75999999999999,79.25,1,1,1.0
67,3,202.32,246.51,102.17000000000002,47.03000000000003,1,1,1.0
68,4,857.91,228.37,102.09000000000003,80.38999999999999,1,1,1.0
68,3,202.32,246.51,102.17000000000002,47.03000000000003,1,1,1.0
69,4,851.59,228.69,108.40999999999997,81.54000000000002,1,1,1.0
69,3,202.32,246.51,102.17000000000002,47.03000000000003,1,1,1.0
70,4,845.27,229.01,114.73000000000002,82.68,1,1,1.0
70,3,202.32,246.51,102.17000000000002,47.03000000000003,1,1,1.0
71,4,838.95,229.33,121.04999999999995,83.83000000000001,1,1,1.0
71,3,202.32,246.51,102.17000000000002,47.03000000000003,1,1,1.0
72,4,832.63,229.64,127.37,84.98000000000002,1,1,1.0
72,3,202.32,246.51,102.17000000000002,47.03000000000003,1,1,1.0
73,4,826.31,229.96,133.69000000000005,86.12999999999997,1,1,1.0
73,3,202.32,246.51,102.17000000000002,47.03000000000003,1,1,1.0
74,4,819.99,230.28,140.01,87.27000000000001,1,1,1.0
74,3,202.32,246.51,102.17000000000002,47.03000000000003,1,1,1.0
75,4,813.66,230.6,146.34000000000003,88.41999999999999,1,1,1.0
75,3,202.32,246.51,102.17000000000002,47.03000000000003,1,1,1.0
76,4,807.34,232.1,152.65999999999997,89.57000000000002,1,1,1.0
76,3,202.32,246.51,102.17000000000002,47.03000000000003,1,1,1.0
77,4,798.25,232.85,156.64,90.96000000000001,1,1,1.0
77,3,202.32,246.51,102.17000000000002,47.03000000000003,1,1,1.0
78,4,789.15,233.61,160.64,92.32999999999998,1,1,1.0
78,3,202.32,246.51,102.17000000000002,47.03000000000003,1,1,1.0
79,4,780.05,234.36,164.63,93.71999999999997,1,1,1.0
79,3,202.32,246.51,102.17000000000002,47.03000000000003,1,1,1.0
80,4,770.95,235.11,168.62,95.11000000000001,1,1,1.0
80,3,202.32,246.51,102.17000000000002,47.03000000000003,1,1,1.0
81,4,761.85,235.87,172.62,96.49000000000001,1,1,1.0
81,3,202.32,246.51,102.17000000000002,47.03000000000003,1,1,1.0
82,4,752.76,236.62,176.60000000000002,97.87,1,1,1.0
82,3,202.32,246.51,102.17000000000002,47.03000000000003,1,1,1.0
83,4,743.66,237.37,180.59000000000003,99.25999999999999,1,1,1.0
83,3,202.32,246.51,102.17000000000002,47.03000000000003,1,1,1.0
84,4,734.56,238.13,184.59000000000003,100.63999999999999,1,1,1.0
84,3,202.32,246.51,102.17000000000002,47.03000000000003,1,1,1.0
85,4,725.46,238.88,188.57999999999993,102.03000000000003,1,1,1.0
85,3,202.32,246.51,102.17000000000002,47.03000000000003,1,1,1.0
86,4,716.37,239.63,192.55999999999995,103.41000000000003,1,1,1.0
86,3,202.32,246.51,102.17000000000002,47.03000000000003,1,1,1.0
87,4,707.27,240.39,196.56000000000006,104.79000000000002,1,1,1.0
87,3,202.32,246.51,102.17000000000002,47.03000000000003,1,1,1.0
88,4,698.17,241.14,200.55000000000007,106.18,1,1,1.0
88,3,202.32,246.51,102.17000000000002,47.03000000000003,1,1,1.0
89,4,689.07,241.89,204.53999999999996,107.57,1,1,1.0
89,3,202.32,246.51,102.17000000000002,47.03000000000003,1,1,1.0
90,4,679.98,242.65,208.52999999999997,108.93999999999997,1,1,1.0
90,3,202.32,246.51,102.17000000000002,47.03000000000003,1,1,1.0
91,4,670.88,243.4,212.51999999999998,110.33000000000001,1,1,1.0
91,3,202.32,246.51,102.17000000000002,47.03000000000003,1,1,1.0
92,4,658.14,244.77,217.34000000000003,111.92999999999998,1,1,1.0
92,3,202.32,246.51,102.17000000000002,47.03000000000003,1,1,1.0
93,4,645.4,246.13,222.17000000000007,113.53000000000003,1,1,1.0
93,3,202.32,246.51,102.17000000000002,47.03000000000003,1,1,0.0
94,4,632.66,247.5,226.99,115.13,1,1,1.0
94,3,202.32,246.5,102.17000000000002,47.02999999999997,1,1,0.0
95,4,619.92,248.87,231.81000000000006,116.71999999999997,1,1,1.0
95,3,202.32,246.48,102.17000000000002,47.03,1,1,0.0
96,4,607.18,250.23,236.6400000000001,118.33000000000001,1,1,1.0
96,3,202.32,246.47,102.17000000000002,47.03,1,1,0.0
97,4,594.44,251.6,241.45999999999992,119.91999999999999,1,1,1.0
97,5,566.72,264.0,92.03999999999996,36.579999999999984,1,1,0.0
97,3,202.32,246.46,102.17000000000002,47.02000000000001,1,1,0.0
98,4,581.7,252.97,246.27999999999997,121.52000000000001,1,1,1.0
98,5,553.22,264.94,92.77999999999997,36.56999999999999,1,1,0.0
98,3,202.32,246.44,102.17000000000002,47.03000000000003,1,1,0.0
99,4,568.96,254.33,251.11,123.11999999999998,1,1,1.0
99,5,539.71,265.88,93.52999999999997,36.56999999999999,1,1,0.0
99,3,202.32,246.43,102.17000000000002,47.01999999999998,1,1,0.0
100,4,556.22,255.7,255.92999999999995,124.72000000000003,1,1,1.0
100,5,526.21,266.81,94.26999999999998,36.579999999999984,1,1,0.0
100,3,202.32,246.41,102.17000000000002,47.03,1,1,0.0
101,4,543.48,257.07,260.75,126.31,1,1,1.0
101,5,512.7,267.75,95.01999999999998,36.579999999999984,1,1,0.0
101,3,202.32,246.4,102.17000000000002,47.03,1,1,0.0
102,4,530.74,258.43,265.58000000000004,127.92000000000002,1,1,1.0
102,5,499.2,268.69,95.76000000000005,36.579999999999984,1,1,0.0
102,3,202.32,246.39,102.17000000000002,47.02000000000004,1,1,0.0
103,4,518.0,259.8,270.4,129.51,1,1,1.0
103,5,485.69,269.07,97.26000000000005,37.50999999999999,1,1,0.0
103,3,202.32,246.37,102.17000000000002,47.02999999999997,1,1,0.0
104,4,501.43,261.53,277.54,132.5,1,1,1.0
104,5,472.18,269.45,98.76000000000005,38.44,1,1,0.0
104,3,202.32,246.36,102.17000000000002,47.01999999999998,1,1,0.0
105,4,484.86,263.26,284.67999999999995,135.48000000000002,1,1,1.0
105,5,458.67,269.84,100.25999999999993,39.370000000000005,1,1,0.0
105,3,202.32,246.34,102.17000000000002,47.03,1,1,0.0
106,4,468.29,264.99,291.82,138.45999999999998,1,1,1.0
106,5,445.16,270.22,101.74999999999994,40.299999999999955,1,1,0.0
106,3,202.32,246.33,102.17000000000002,47.03,1,1,0.0
107,4,451.72,266.71,298.97,141.46000000000004,1,1,1.0
107,5,431.65,270.6,103.25,41.22999999999996,1,1,0.0
107,3,202.32,246.31,102.17000000000002,47.02999999999997,1,1,0.0
108,4,435.15,268.44,306.11,144.44,1,1,1.0
108,5,417.77,271.73,103.25,41.22999999999996,1,1,0.0
108,3,202.32,246.3,102.17000000000002,47.02999999999997,1,1,0.0
109,4,418.58,270.17,313.25000000000006,147.41999999999996,1,1,1.0
109,5,403.89,272.85,103.24000000000001,41.23999999999995,1,1,0.0
109,3,202.32,246.29,102.17000000000002,47.02000000000001,1,1,0.0
110,4,402.02,271.9,320.38,150.41000000000003,1,1,1.0
110,5,390.0,273.98,103.25,41.22999999999996,1,1,0.0
110,6,609.97,257.42,106.94999999999993,36.589999999999975,1,1,0.0
110,3,202.32,246.27,102.17000000000002,47.03,1,1,0.0
111,4,385.45,273.63,327.52000000000004,153.39,1,1,1.0
111,5,376.12,275.1,103.24000000000001,41.23999999999995,1,1,0.0
111,6,598.34,257.99,106.94999999999993,36.579999999999984,1,1,0.0
111,3,202.32,246.26,102.17000000000002,47.01999999999998,1,1,0.0
112,4,368.88,275.36,334.65999999999997,156.37,1,1,1.0
112,5,362.23,276.23,103.25,41.22999999999996,1,1,1.0
112,6,586.71,258.55,106.93999999999994,36.589999999999975,1,1,0.0
112,3,202.32,246.24,102.17000000000002,47.02999999999997,1,1,0.0
113,4,352.31,277.09,341.8,159.36,1,1,1.0
113,5,346.47,276.6,105.69,41.98999999999995,1,1,1.0
113,6,575.07,259.11,106.94999999999993,36.589999999999975,1,1,0.0
113,3,202.32,246.23,102.17000000000002,47.03,1,1,0.0
114,4,335.74,278.81,348.95000000000005,162.35000000000002,1,1,1.0
114,5,330.7,276.98,108.15000000000003,42.74000000000001,1,1,1.0
114,6,563.44,259.67,106.94999999999993,36.589999999999975,1,1,0.0
114,3,202.32,246.21,102.17000000000002,47.03,1,1,0.0
115,4,319.17,280.54,356.09,165.32999999999998,1,1,1.0
115,5,314.93,277.35,110.59999999999997,43.48999999999995,1,1,1.0
115,6,551.81,260.24,106.94000000000005,36.579999999999984,1,1,0.0
115,3,202.32,246.2,102.17000000000002,47.03000000000003,1,1,0.0
116,4,302.6,282.27,363.23,168.32,1,1,1.0
116,5,299.17,277.73,113.05000000000001,44.24000000000001,1,1,1.0
116,6,537.17,260.43,108.07000000000005,37.51999999999998,1,1,0.0
116,3,202.32,246.19,102.17000000000002,47.01999999999998,1,1,0.0
117,4,286.03,284.0,370.37,171.3,1,1,1.0
117,5,283.4,278.1,115.5,44.98999999999995,1,1,1.0
117,6,522.54,260.62,109.19000000000005,38.45999999999998,1,1,0.0
117,3,202.32,246.17,102.17000000000002,47.03,1,1,0.0
118,4,260.76,286.31,381.59000000000003,175.54000000000002,1,1,1.0
118,5,267.64,279.79,115.5,44.98999999999995,1,1,1.0
118,6,507.9,260.81,110.32000000000005,39.389999999999986,1,1,0.0
118,3,202.32,246.16,102.17000000000002,47.02000000000001,1,1,0.0
119,4,235.49,288.62,392.81999999999994,179.77999999999997,1,1,1.0
119,5,251.88,281.48,115.5,44.99000000000001,1,1,1.0
119,6,493.27,261.01,111.44000000000005,40.31999999999999,1,1,0.0
119,7,880.1,211.45,79.89999999999998,68.49000000000001,1,1,1.0
119,3,202.32,246.14,102.17000000000002,47.03000000000003,1,1,0.0
120,4,210.21,290.93,404.04999999999995,184.02999999999997,1,1,1.0
120,5,236.12,283.17,115.5,44.99000000000001,1,1,1.0
120,6,478.63,261.2,112.57000000000005,41.25,1,1,0.0
120,7,874.19,211.83,81.58999999999992,68.47999999999999,1,1,1.0
120,3,202.32,246.13,102.17000000000002,47.03000000000003,1,1,0.0
121,4,184.94,293.24,415.28000000000003,188.26999999999998,1,1,1.0
121,5,220.36,284.85,115.5,45.0,1,1,1.0
121,6,464.19,261.76,113.69,42.56999999999999,1,1,0.0
121,7,868.28,212.2,83.27999999999997,68.49000000000001,1,1,1.0
121,3,202.32,246.12,102.17000000000002,47.01999999999998,1,1,0.0
122,4,159.67,295.55,426.5,192.51,1,1,1.0
122,5,204.6,286.54,115.50000000000003,45.0,1,1,1.0
122,6,449.74,262.32,114.81999999999994,43.889999999999986,1,1,0.0
122,7,862.37,212.58,84.97000000000003,68.47999999999999,1,1,1.0
122,3,202.32,246.1,102.17000000000002,47.03,1,1,0.0
123,4,134.4,297.85,437.73,196.76,1,1,1.0
123,5,187.15,287.29,117.01000000000002,45.75,1,1,1.0
123,6,435.29,262.88,115.94999999999999,45.19999999999999,1,1,0.0
123,7,856.46,212.95,86.65999999999997,68.49000000000001,1,1,1.0
123,3,202.32,246.09,102.17000000000002,47.02000000000001,1,1,0.0
124,4,109.12,300.16,448.96000000000004,201.0,1,1,1.0
124,5,169.7,288.05,118.52000000000004,46.49000000000001,1,1,1.0
124,6,420.84,263.44,117.07999999999998,46.51999999999998,1,1,0.0
124,7,850.55,213.33,88.35000000000002,68.47999999999999,1,1,1.0
124,3,202.32,246.07,102.17000000000002,47.03000000000003,1,1,0.0
125,4,83.85,302.47,460.18999999999994,205.25,1,1,1.0
125,5,152.25,288.8,120.02999999999997,47.24000000000001,1,1,1.0
125,6,406.4,264.0,118.20000000000005,47.829999999999984,1,1,0.0
125,7,844.64,213.71,90.03999999999996,68.47999999999999,1,1,1.0
125,3,202.32,246.06,102.17000000000002,47.02999999999997,1,1,0.0
126,4,58.58,304.78,471.41,209.49,1,1,1.0
126,5,134.8,289.55,121.53999999999996,47.99000000000001,1,1,1.0
126,6,391.2,265.12,119.13999999999999,48.96999999999997,1,1,0.0
126,7,838.73,214.08,91.73000000000002,68.47999999999999,1,1,1.0
126,3,202.32,246.04,102.17000000000002,47.03,1,1,0.0
127,4,33.31,307.09,482.64000000000004,213.73000000000008,1,1,1.0
127,5,117.35,290.3,123.05000000000001,48.74000000000001,1,1,1.0
127,6,376.0,266.24,120.07999999999998,50.099999999999966,1,1,0.0
127,7,832.82,214.46,93.41999999999996,68.47999999999999,1,1,1.0
127,3,202.32,246.03,102.17000000000002,47.03,1,1,0.0
128,4,8.03,309.4,493.87,217.97000000000003,1,1,1.0
128,5,98.78,291.98,124.74000000000001,49.31,1,1,1.0
128,6,360.8,267.36,121.01999999999998,51.22999999999996,1,1,0.0
128,7,826.91,214.83,95.11000000000001,68.47999999999999,1,1,1.0
128,3,202.32,246.02,102.17000000000002,47.02000000000001,1,1,0.0
129,4,7.36,312.38,476.77,216.04999999999995,1,1,1.0
129,5,80.2,293.66,126.43999999999998,49.879999999999995,1,1,1.0
129,6,345.6,268.48,121.95999999999998,52.370000000000005,1,1,0.0
129,7,821.0,215.21,96.79999999999995,68.47999999999999,1,1,1.0
129,3,202.32,246.0,102.17000000000002,47.02999999999997,1,1,0.0
130,4,6.69,315.35,459.68,214.13,1,1,1.0
130,5,61.63,295.34,128.13,50.460000000000036,1,1,1.0
130,6,330.4,269.6,122.90000000000003,53.5,1,1,1.0
130,7,814.43,215.68,97.2700000000001,68.48000000000002,1,1,1.0
130,3,202.32,245.99,102.17000000000002,47.01999999999998,1,1,0.0
131,4,6.02,318.33,442.58000000000004,212.2,1,1,1.0
131,5,43.05,297.02,129.82999999999998,51.03000000000003,1,1,1.0
131,6,315.2,270.35,122.90000000000003,53.5,1,1,1.0
131,7,807.87,216.14,97.73000000000002,68.49000000000001,1,1,1.0
131,3,202.32,245.97,102.17000000000002,47.03,1,1,0.0
132,4,5.36,321.3,425.46999999999997,210.28000000000003,1,1,1.0
132,5,24.48,298.7,131.52,51.60000000000002,1,1,1.0
132,6,300.0,271.1,122.89999999999998,53.5,1,1,1.0
132,7,801.3,216.61,98.20000000000005,68.49000000000001,1,1,1.0
132,3,202.32,245.96,102.17000000000002,47.03,1,1,0.0
133,4,4.69,324.28,408.38,208.35000000000002,1,1,1.0
133,5,19.58,299.83,118.60000000000001,51.59000000000003,1,1,1.0
133,6,284.81,271.85,122.89999999999998,53.5,1,1,1.0
133,7,794.73,217.08,98.66999999999996,68.48999999999998,1,1,1.0
133,3,202.32,245.94,102.17000000000002,47.03000000000003,1,1,0.0
134,4,4.02,327.25,391.28000000000003,206.44000000000005,1,1,1.0
134,5,14.69,300.95,105.67,51.60000000000002,1,1,1.0
134,6,269.61,272.6,122.89999999999998,53.5,1,1,1.0
134,7,788.16,217.55,99.13999999999999,68.47999999999996,1,1,1.0
134,3,202.32,245.93,102.17000000000002,47.02999999999997,1,1,0.0
135,4,3.35,330.23,374.17999999999995,204.51,1,1,1.0
135,5,9.79,302.08,92.75,51.60000000000002,1,1,1.0
135,6,254.41,273.35,122.9,53.5,1,1,1.0
135,7,781.6,218.02,99.60000000000002,68.47999999999999,1,1,1.0
135,3,202.32,245.92,102.17000000000002,47.02000000000001,1,1,0.0
136,4,2.68,333.2,357.09,202.58999999999997,1,1,1.0
136,5,4.9,303.2,79.82,51.60000000000002,1,1,1.0
136,6,237.71,274.66,124.6,53.69,1,1,1.0
136,7,775.03,218.49,100.07000000000005,68.48000000000002,1,1,1.0
136,3,202.32,245.9,102.17000000000002,47.03,1,1,0.0
137,4,2.01,336.18,339.99,200.66000000000003,1,1,1.0
137,6,221.01,275.97,126.30000000000001,53.879999999999995,1,1,1.0
137,7,768.46,218.96,100.53999999999996,68.47999999999999,1,1,1.0
137,3,202.32,245.89,102.17000000000002,47.02000000000004,1,1,0.0
138,4,1.34,339.15,322.89000000000004,198.75,1,1,1.0
138,6,204.31,277.28,127.99000000000001,54.08000000000004,1,1,1.0
138,7,761.9,219.43,101.0,68.48000000000002,1,1,1.0
138,3,202.32,245.87,102.17000000000002,47.02999999999997,1,1,0.0
139,4,0.67,342.13,305.8,196.82000000000005,1,1,1.0
139,6,187.62,278.59,129.68,54.27000000000004,1,1,1.0
139,7,755.33,219.9,101.46999999999991,68.47999999999999,1,1,1.0
139,3,202.32,245.86,102.17000000000002,47.02999999999997,1,1,0.0
140,6,170.92,279.9,131.38000000000002,54.460000000000036,1,1,1.0
140,7,747.26,220.18,102.97000000000003,69.04000000000002,1,1,1.0
140,3,202.32,245.85,102.17000000000002,47.02000000000001,1,1,0.0
141,6,153.84,281.02,132.70000000000002,55.03000000000003,1,1,1.0
141,7,739.19,220.46,104.46999999999991,69.60999999999999,1,1,1.0
141,3,202.32,245.83,102.17000000000002,47.03,1,1,0.0
142,6,136.77,282.14,134.00999999999996,55.60000000000002,1,1,1.0
142,7,731.13,220.74,105.96000000000004,70.17000000000002,1,1,1.0
142,3,202.32,245.82,102.17000000000002,47.01999999999998,1,1,0.0
143,6,119.69,283.26,135.33,56.160000000000025,1,1,1.0
143,7,723.06,221.02,107.46000000000004,70.73999999999998,1,1,1.0
143,3,202.32,245.8,102.17000000000002,47.02999999999997,1,1,0.0
144,6,102.62,284.38,136.64,56.73000000000002,1,1,1.0
144,7,714.99,221.3,108.96000000000004,71.30000000000001,1,1,1.0
144,3,202.32,245.79,102.17000000000002,47.03,1,1,0.0
145,6,85.55,285.5,137.95,57.30000000000001,1,1,1.0
145,7,706.92,221.58,110.46000000000004,71.86999999999998,1,1,1.0
145,3,202.32,245.77,102.17000000000002,47.03,1,1,0.0
146,6,68.44,286.44,138.18,58.24000000000001,1,1,1.0
146,7,698.85,221.86,111.95999999999992,72.43,1,1,1.0
146,3,202.32,245.76,102.17000000000002,47.03000000000003,1,1,0.0
147,6,51.33,287.38,138.41000000000003,59.170000000000016,1,1,1.0
147,7,690.79,222.14,113.45000000000005,72.99000000000001,1,1,1.0
147,8,789.75,449.55,129.64999999999998,90.44999999999999,1,1,1.0
147,3,202.32,245.75,102.17000000000002,47.01999999999998,1,1,0.0
148,6,34.22,288.32,138.64000000000001,60.110000000000014,1,1,1.0
148,7,682.72,222.42,114.94999999999993,73.56000000000003,1,1,1.0
148,8,798.39,446.66,128.13,89.39999999999992,1,1,1.0
148,3,202.32,245.73,102.17000000000002,47.03,1,1,0.0
149,6,17.11,289.26,138.87,61.05000000000001,1,1,1.0
149,7,674.65,222.7,116.45000000000005,74.12,1,1,1.0
149,8,807.02,443.77,126.61000000000001,88.36000000000001,1,1,1.0
149,3,202.32,245.72,102.17000000000002,47.02000000000001,1,1,0.0
150,6,0.0,290.2,139.1,61.98000000000002,1,1,1.0
150,7,665.27,223.36,116.92000000000007,74.12,1,1,1.0
150,8,815.66,440.89,125.09000000000003,87.30000000000007,1,1,1.0
150,3,202.32,245.7,102.17000000000002,47.03000000000003,1,1,0.0
151,6,0.0,290.2,121.66,61.98000000000002,1,1,1.0
151,7,655.89,224.02,117.38999999999999,74.11999999999998,1,1,1.0
151,8,824.3,438.0,123.57000000000005,86.25,1,1,1.0
151,3,202.32,245.7,102.17000000000002,47.03000000000003,1,1,0.0
152,6,0.0,290.2,104.22,61.98000000000002,1,1,1.0
152,7,646.51,224.68,117.86000000000001,74.11000000000001,1,1,1.0
152,8,832.77,433.15,118.13,85.34000000000003,1,1,1.0
152,3,202.32,245.7,102.17000000000002,47.03000000000003,1,1,0.0
153,6,0.0,290.2,86.78,61.98000000000002,1,1,1.0
153,7,637.12,225.34,118.34000000000003,74.10999999999999,1,1,1.0
153,8,841.25,428.31,112.67999999999995,84.42000000000002,1,1,1.0
153,3,202.32,245.7,102.17000000000002,47.03000000000003,1,1,1.0
154,6,0.0,290.2,69.34,61.98000000000002,1,1,1.0
154,7,627.74,226.0,118.80999999999995,74.11000000000001,1,1,1.0
154,8,849.73,423.46,107.24000000000001,83.5,1,1,1.0
154,3,202.32,245.7,102.19999999999999,47.31999999999999,1,1,1.0
155,7,618.36,226.66,119.27999999999997,74.1,1,1,1.0
155,8,858.2,418.62,101.79999999999995,82.57999999999998,1,1,1.0
155,3,202.32,245.7,102.24000000000001,47.60000000000002,1,1,1.0
156,7,608.98,227.32,119.75,74.10000000000002,1,1,1.0
156,8,865.1,415.36,94.89999999999998,81.47999999999996,1,1,1.0
156,3,202.32,245.7,102.26999999999998,47.889999999999986,1,1,1.0
157,7,599.6,227.98,120.22000000000003,74.1,1,1,1.0
157,8,872.0,412.09,88.0,80.39000000000004,1,1,1.0
157,3,202.32,245.7,102.31,48.18000000000001,1,1,1.0
158,7,590.22,228.64,120.68999999999994,74.09000000000003,1,1,1.0
158,8,878.9,408.83,81.10000000000002,79.29000000000002,1,1,1.0
158,3,202.32,245.7,102.35000000000002,48.460000000000036,1,1,1.0
159,7,580.84,229.3,121.15999999999997,74.08999999999997,1,1,1.0
159,8,885.8,405.56,74.20000000000005,78.19999999999999,1,1,1.0
159,3,202.32,245.7,102.38,48.75,1,1,1.0
160,7,569.77,229.86,122.47000000000003,74.75,1,1,1.0
160,3,202.32,245.7,102.42000000000002,49.04000000000002,1,1,1.0
161,7,558.7,230.42,123.77999999999997,75.41,1,1,1.0
161,3,202.32,245.7,102.45999999999998,49.31999999999999,1,1,1.0
162,7,547.63,230.98,125.09000000000003,76.07000000000002,1,1,1.0
162,3,202.32,245.7,102.49000000000001,49.610000000000014,1,1,1.0
163,7,536.56,231.54,126.40000000000009,76.72999999999999,1,1,1.0
163,3,202.32,245.7,102.53000000000003,49.889999999999986,1,1,1.0
164,7,525.49,232.1,127.71000000000004,77.39000000000001,1,1,1.0
164,3,202.32,245.7,102.56,50.18000000000001,1,1,1.0
165,7,514.42,232.66,129.0200000000001,78.04999999999998,1,1,1.0
165,3,202.32,245.7,102.60000000000002,50.47000000000003,1,1,1.0
166,7,503.35,233.22,130.32999999999993,78.71000000000001,1,1,1.0
166,3,202.32,245.7,102.63999999999999,50.75,1,1,1.0
167,7,492.28,233.78,131.64,79.36999999999998,1,1,1.0
167,3,202.32,245.7,102.67000000000002,51.04000000000002,1,1,1.0
168,7,481.21,234.34,132.95,80.03,1,1,1.0
168,3,202.32,245.7,102.70999999999998,51.329999999999984,1,1,1.0
169,7,470.14,234.9,134.26,80.68999999999997,1,1,1.0
169,3,202.32,245.7,102.74000000000001,51.610000000000014,1,1,1.0
170,7,458.22,235.37,135.76999999999998,80.77999999999997,1,1,1.0
170,3,202.32,245.7,102.78000000000003,51.900000000000034,1,1,1.0
171,7,446.31,235.84,137.27000000000004,80.86999999999998,1,1,1.0
171,3,202.32,245.7,102.78000000000003,51.900000000000034,1,1,1.0
172,7,434.4,236.31,138.76999999999998,80.95999999999998,1,1,1.0
172,3,202.32,245.7,102.78000000000003,51.900000000000034,1,1,1.0
173,7,422.48,236.78,140.27999999999997,81.05999999999997,1,1,1.0
173,3,202.32,245.7,102.78000000000003,51.900000000000034,1,1,1.0
174,7,410.57,237.25,141.78000000000003,81.14999999999998,1,1,1.0
174,3,202.32,245.7,102.78000000000003,51.900000000000034,1,1,1.0
175,7,398.65,237.72,143.29000000000008,81.23999999999998,1,1,1.0
175,3,202.32,245.7,102.78000000000003,51.900000000000034,1,1,1.0
176,7,386.74,238.19,144.78999999999996,81.33999999999997,1,1,1.0
176,3,202.32,245.7,102.78000000000003,51.900000000000034,1,1,1.0
177,7,374.83,238.66,146.29000000000002,81.42999999999998,1,1,1.0
177,3,202.32,245.7,102.78000000000003,51.900000000000034,1,1,1.0
178,7,362.91,239.13,147.79999999999995,81.51999999999998,1,1,1.0
178,3,202.32,245.7,102.78000000000003,51.900000000000034,1,1,1.0
179,7,351.0,239.6,149.3,81.60999999999999,1,1,1.0
179,3,202.32,245.7,102.78000000000003,51.900000000000034,1,1,1.0
180,7,339.74,239.98,149.87,82.45000000000002,1,1,1.0
180,3,202.32,245.7,102.78000000000003,51.900000000000034,1,1,1.0
181,7,328.48,240.36,150.44,83.28999999999996,1,1,1.0
181,3,202.32,245.7,102.78000000000003,51.900000000000034,1,1,1.0
182,7,317.23,240.74,151.0,84.13,1,1,1.0
182,3,202.32,245.7,102.78000000000003,51.900000000000034,1,1,1.0
183,7,305.97,241.12,151.57,84.96999999999997,1,1,1.0
183,3,202.32,245.7,102.78000000000003,51.900000000000034,1,1,1.0
184,7,294.71,241.5,152.14000000000004,85.81,1,1,1.0
184,3,202.32,245.7,102.78000000000003,51.900000000000034,1,1,0.0
185,7,283.45,241.88,152.71000000000004,86.64999999999998,1,1,1.0
185,3,202.32,245.7,102.78000000000003,51.900000000000034,1,1,0.0
186,7,272.2,242.26,153.27000000000004,87.49000000000001,1,1,1.0
186,3,202.32,245.7,102.78000000000003,51.900000000000034,1,1,0.0
187,7,260.94,242.64,153.83999999999997,88.33000000000004,1,1,1.0
187,3,202.32,245.7,102.78000000000003,51.900000000000034,1,1,0.0
188,7,249.68,243.02,154.40999999999997,89.16999999999999,1,1,1.0
188,3,202.32,245.7,102.78000000000003,51.900000000000034,1,1,0.0
189,7,238.42,243.4,154.98,90.01000000000002,1,1,1.0
189,3,202.32,245.7,102.78000000000003,51.900000000000034,1,1,0.0
190,7,238.42,243.4,154.98,90.01000000000002,1,1,1.0
190,3,202.32,245.7,102.78000000000003,51.900000000000034,1,1,0.0
